
1
 34
{1
}1
 1
{1
}1

1
 28
!1
 2
!1
 2
I2
 1
I2
 2
!1
 2
!1

1
 25
!1
 2
I1
_2
I1
_2
I2
 1
I2
_2
I1
_2
I1
 2
!1

1
 25
I1
_1
/1
|1
-2
|1
-2
|2
 1
|2
-2
|1
-2
|1
\1
_1
I1

1
 8
.1
-1
'1
"1
'1
-1
.1
 7
!1
 1
/1
|1
_1
/1
|1
 2
|1
 2
|2
 1
|2
 2
|1
 2
|1
\1
_1
|1
\1
 1
!1
 7
.1
-1
'1
"1
'1
-1
.1

1
 7
/1
=3
 4
\1
 6
I1
/2
|1
 2
|1
 2
|1
 2
|2
 1
|2
 2
|1
 2
|1
 2
|1
\2
I1
 6
/1
=3
 4
\1

1
 7
\1
=2
 5
/1
 3
!1
 1
/1
|1
/1
 1
|1
 2
|1
 2
|1
 2
|2
 1
|2
 2
|1
 2
|1
 2
|1
 1
\1
|1
\1
 1
!1
 3
\1
=2
 5
/1

1
 8
\1
_2
 2
_1
/1
 4
I1
/2
|1
 2
|1
 2
|1
 2
|1
 2
|2
 1
|2
 2
|1
 2
|1
 2
|1
 2
|1
\2
I1
 4
\1
_2
 2
_1
/1

1
 9
_1
}1
 1
{1
_1
 2
!1
 1
/1
|1
/1
 1
|1
 2
|1
 2
|1
 2
|1
 2
|2
 1
|2
 2
|1
 2
|1
 2
|1
 2
|1
 1
\1
|1
\1
 1
!1
 2
_1
}1
 1
{1
_1

1
 8
{1
_5
}1
 1
I1
/2
|1
 2
|1
 2
|1
 2
|1
 2
|1
 2
|2
 1
|2
 2
|1
 2
|1
 2
|1
 2
|1
 2
|1
\2
I1
 1
{1
_5
}1

1
 3
!1
 2
!1
 2
|1
=1
 2
|1
=1
/1
|1
/1
 1
|1
 2
|1
 2
|1
 2
|1
 2
|1
 2
|2
 1
|2
 2
|1
 2
|1
 2
|1
 2
|1
 2
|1
 1
\1
|1
\1
=1
|1
-1
 2
|1
 2
!1
 2
!1
 1

1
 2
_1
I1
_2
I1
_2
|1
=1
 2
|2
/1
|1
 2
|1
 2
|1
 2
|1
 2
|1
 2
|1
 2
|2
 1
|2
 2
|1
 2
|1
 2
|1
 2
|1
 2
|1
 2
|1
\1
|2
 3
|1
_2
I1
_2
I1
_1

1
 2
-1
|1
-2
|1
-2
|1
-1
 2
|2
 1
|1
 2
|1
 2
|1
 2
|1
 2
|1
 2
|1
 2
|2
 1
|2
 2
|1
 2
|1
 2
|1
 2
|1
 2
|1
 2
|1
 1
|2
=1
 2
|1
-2
|1
-2
|1
-1

1
 2
_1
|1
_2
|1
_2
|1
 3
|2
_1
|1
_2
|1
_2
|1
_2
|1
_2
|1
_2
|1
_2
|2
 1
|2
_2
|1
_2
|1
_2
|1
_2
|1
_2
|1
_2
|1
_1
|2
-1
 2
|1
_2
|1
_2
|1
_1

1
 2
-1
|1
-2
|1
-2
|1
 3
|2
-1
|1
-2
|1
-2
|1
-2
|1
-2
|1
-2
|1
-2
|2
 1
|2
-2
|1
-2
|1
-2
|1
-2
|1
-2
|1
-2
|1
-1
|2
 3
|1
-2
|1
-2
|1
-1
 1

1
 3
|1
 2
|1
 2
|1
=1
 2
|2
 1
|1
 2
|1
 2
|1
 2
|1
 2
|1
 2
|1
 2
|2
 1
|2
 2
|1
 2
|1
 2
|1
 2
|1
 2
|1
 2
|1
 1
|2
 3
|1
 2
|1
 2
|1
 1

1
 3
|1
 2
|1
 2
|1
 3
|2
 1
|1
 2
|1
 2
|1
 2
|1
 2
|1
 2
|1
 2
|2
 1
|2
 2
|1
 2
|1
 2
|1
 2
|1
 2
|1
 2
|1
 1
|2
=1
 2
|1
 2
|1
 2
|1
 1

1
 3
|1
 2
|1
 2
|1
-1
 2
|2
 1
|1
 2
|1
 2
|1
 2
|1
 2
|1
 2
|1
 2
|2
 1
|2
 2
|1
 2
|1
 2
|1
 2
|1
 2
|1
 2
|1
 1
|2
 3
|1
 2
|1
 2
|1
 1

1
 3
|1
 2
|1
 2
|1
 3
|2
 1
|1
 2
|1
 2
|1
 2
|1
 2
|1
 2
|1
 2
|2
 1
|2
 2
|1
 2
|1
 2
|1
 2
|1
 2
|1
 2
|1
 1
|2
=1
 2
|1
 2
|1
 2
|1

1
 3
|1
 2
|1
 2
|1
=1
 2
|2
 1
|1
 2
|1
 2
|1
 2
|1
 2
|1
 2
|1
 2
|2
 1
|2
 2
|1
 2
|1
 2
|1
 2
|1
 2
|1
 2
|1
 1
|2
 3
|1
 2
|1
 2
|1

1
 3
|1
 2
|1
 2
|1
 3
|2
 1
|1
 2
|1
 2
|1
 2
|1
 2
|1
 2
|1
 2
|2
 1
|2
 2
|1
 2
|1
 2
|1
 2
|1
 2
|1
 2
|1
 1
|2
 3
|1
 2
|1
 2
|1

1
 3
|1
 2
|1
 2
|1
 3
|2
 1
|1
 2
|1
 2
|1
 2
|1
 2
|1
 2
|1
 2
|2
 1
|2
 2
|1
 2
|1
 2
|1
 2
|1
 2
|1
 2
|1
 1
|2
-1
 2
|1
 2
|1
 2
|1

1
 2
_1
|1
_2
|1
_2
|1
 3
|2
 1
|1
 2
|1
 2
|1
 2
|1
 2
|1
 2
|1
 2
|2
 1
|2
 2
|1
 2
|1
 2
|1
 2
|1
 2
|1
 2
|1
 1
|2
=1
 2
|1
_2
|1
_2
|1
_1

1
 2
-1
|1
-2
|1
-2
|1
=1
 2
|2
 1
|1
 2
|1
 2
|1
 2
|1
 2
|1
 2
|1
 2
|2
 1
|2
 2
|1
 2
|1
 2
|1
 2
|1
 2
|1
 2
|1
 1
|2
 3
|1
-2
|1
-2
|1
-1

1
 2
_1
|1
_2
|1
_2
|1
 3
|2
_1
|1
_2
|1
_2
|1
_2
|1
_2
|1
_2
|1
_2
|2
 1
|2
_2
|1
_2
|1
_2
|1
_2
|1
_2
|1
_2
|1
_1
|2
-1
 2
|1
_2
|1
_2
|1
_1

1
 2
-1
|1
-2
|1
-2
|1
=1
 2
|2
-1
|1
-2
|1
-2
|1
-2
|1
-2
|1
-2
|1
-2
|2
 1
|2
-2
|1
-2
|1
-2
|1
-2
|1
-2
|1
-2
|1
-1
|2
=1
 2
|1
-2
|1
-2
|1
-1

1
 2
-1
|1
-2
|1
-2
|1
-1
 2
|2
 1
|1
 2
|1
 2
|1
 2
|1
 2
|1
 2
|1
 2
|2
 1
|2
 2
|1
 2
|1
 2
|1
 2
|1
 2
|1
 2
|1
 1
|2
-1
 2
|1
 2
|1
 2
|1

1
 1
~12
^47
~11
